image: INB3123.pgm
resolution: 0.025000
origin: [-14.865022, -17.964690, 0.000000]
negate: 0
occupied_thresh: 0.65
free_thresh: 0.196

